step_time	crack_length
1.00000000e+00 0.00000000e+00
2.00000000e+00 -1.25635265e-05
3.00000000e+00 -2.43656271e-05
4.00000000e+00 -3.54063018e-05
5.00000000e+00 -4.56855507e-05
6.00000000e+00 -5.52033738e-05
7.00000000e+00 -6.39597710e-05
8.00000000e+00 -7.19547424e-05
9.00000000e+00 -7.91882879e-05
1.00000000e+01 -8.56604076e-05
1.10000000e+01 -9.13711015e-05
1.20000000e+01 -9.63203695e-05
1.30000000e+01 -1.00508212e-04
1.40000000e+01 -1.03934628e-04
1.50000000e+01 -1.06599618e-04
1.60000000e+01 -1.08503183e-04
1.70000000e+01 -1.09645322e-04
1.80000000e+01 -1.10026035e-04
1.90000000e+01 -1.09645322e-04
2.00000000e+01 -1.08503183e-04
2.10000000e+01 -1.06599618e-04
2.20000000e+01 -1.03934628e-04
2.30000000e+01 -1.00508212e-04
2.40000000e+01 -9.63203695e-05
2.50000000e+01 -9.13711015e-05
2.60000000e+01 -8.56604076e-05
2.70000000e+01 -7.91882879e-05
2.80000000e+01 -7.19547424e-05
2.90000000e+01 -6.39597710e-05
3.00000000e+01 -5.52033738e-05
3.10000000e+01 -4.56855507e-05
3.20000000e+01 -3.54063018e-05
3.30000000e+01 -2.43656271e-05
3.40000000e+01 -1.25635265e-05
3.50000000e+01 -4.04317504e-21
3.60000000e+01 1.33249523e-05
3.70000000e+01 2.74113304e-05
3.80000000e+01 4.22591344e-05
3.90000000e+01 5.78683643e-05
4.00000000e+01 7.24200582e-05
4.10000000e+01 7.50004458e-05
4.20000000e+01 6.37905653e-05
4.30000000e+01 3.87904167e-05
4.40000000e+01 5.09419834e-21
4.50000000e+01 -5.25806848e-05
4.60000000e+01 -1.18951638e-04
4.70000000e+01 -1.99112859e-04
4.80000000e+01 -2.93064348e-04
4.90000000e+01 -4.00806105e-04
5.00000000e+01 -4.76483374e-04
5.10000000e+01 -4.74241397e-04
5.20000000e+01 -3.94080177e-04
5.30000000e+01 -2.35999711e-04
5.40000000e+01 6.52861301e-20
5.50000000e+01 3.13918956e-04
5.60000000e+01 7.05757156e-04
5.70000000e+01 1.17551460e-03
5.80000000e+01 1.72319129e-03
5.90000000e+01 2.34878723e-03
6.00000000e+01 3.05230241e-03
6.10000000e+01 3.83373683e-03
6.20000000e+01 4.64707525e-03
6.30000000e+01 5.44630240e-03
6.40000000e+01 6.23141829e-03
6.50000000e+01 7.00242292e-03
6.60000000e+01 7.75931629e-03
6.70000000e+01 8.50209839e-03
6.80000000e+01 9.23076923e-03
6.90000000e+01 9.94532881e-03
7.00000000e+01 1.06457771e-02
7.10000000e+01 1.13321142e-02
7.20000000e+01 1.20043400e-02
7.30000000e+01 1.26624545e-02
7.40000000e+01 1.33064578e-02
7.50000000e+01 1.39363498e-02
7.60000000e+01 1.45625603e-02
7.70000000e+01 1.51955192e-02
7.80000000e+01 1.58352264e-02
7.90000000e+01 1.64816819e-02
8.00000000e+01 1.71348858e-02
8.10000000e+01 1.77948379e-02
8.20000000e+01 1.84615385e-02
8.30000000e+01 1.91349873e-02
8.40000000e+01 1.98151845e-02
8.50000000e+01 2.05021300e-02
8.60000000e+01 2.11958238e-02
8.70000000e+01 2.18962660e-02
8.80000000e+01 2.26034565e-02
8.90000000e+01 2.33173953e-02
9.00000000e+01 2.40215190e-02
9.10000000e+01 2.46992639e-02
9.20000000e+01 2.53506301e-02
9.30000000e+01 2.59756176e-02
9.40000000e+01 2.65742263e-02
9.50000000e+01 2.71464564e-02
9.60000000e+01 2.76923077e-02
9.70000000e+01 2.82117803e-02
9.80000000e+01 2.87048742e-02
9.90000000e+01 2.91715894e-02
1.00000000e+02 2.96119258e-02
1.01000000e+02 3.00258836e-02
1.02000000e+02 3.04134626e-02
1.03000000e+02 3.07746629e-02
1.04000000e+02 3.11356415e-02
1.05000000e+02 3.15225554e-02
1.06000000e+02 3.19354045e-02
1.07000000e+02 3.23741889e-02
1.08000000e+02 3.28389086e-02
1.09000000e+02 3.33295636e-02
1.10000000e+02 3.38461538e-02
1.11000000e+02 3.43886794e-02
1.12000000e+02 3.49571402e-02
1.13000000e+02 3.55515362e-02
1.14000000e+02 3.61718676e-02
1.15000000e+02 3.68181342e-02
1.16000000e+02 3.74903361e-02
1.17000000e+02 3.81884733e-02
1.18000000e+02 3.88977560e-02
1.19000000e+02 3.96033945e-02
1.20000000e+02 4.03053887e-02
1.21000000e+02 4.10037386e-02
1.22000000e+02 4.16984444e-02
1.23000000e+02 4.23895058e-02
1.24000000e+02 4.30769231e-02
1.25000000e+02 4.37606961e-02
1.26000000e+02 4.44408248e-02
1.27000000e+02 4.51173093e-02
1.28000000e+02 4.57901496e-02
1.29000000e+02 4.64593456e-02
1.30000000e+02 4.71248974e-02
1.31000000e+02 4.77868049e-02
1.32000000e+02 4.84511796e-02
1.33000000e+02 4.91241330e-02
1.34000000e+02 4.98056651e-02
1.35000000e+02 5.04957759e-02
1.36000000e+02 5.11944654e-02
1.37000000e+02 5.19017335e-02
1.38000000e+02 5.26175804e-02
1.39000000e+02 5.33420059e-02
1.40000000e+02 5.40750100e-02
1.41000000e+02 5.48165929e-02
1.42000000e+02 5.55667544e-02
1.43000000e+02 5.63254947e-02
1.44000000e+02 5.70928136e-02
1.45000000e+02 5.78687112e-02
1.46000000e+02 5.86228809e-02
1.47000000e+02 5.93250164e-02
1.48000000e+02 5.99751176e-02
1.49000000e+02 6.05731845e-02
1.50000000e+02 6.11192172e-02
1.51000000e+02 6.16132155e-02
1.52000000e+02 6.20551796e-02
1.53000000e+02 6.24451094e-02
1.54000000e+02 6.27830048e-02
1.55000000e+02 6.30688660e-02
1.56000000e+02 6.33026930e-02
1.57000000e+02 6.34844856e-02
1.58000000e+02 6.36142439e-02
1.59000000e+02 6.36919680e-02
1.60000000e+02 6.37667112e-02
1.61000000e+02 6.38875270e-02
1.62000000e+02 6.40544154e-02
1.63000000e+02 6.42673764e-02
1.64000000e+02 6.45264100e-02
1.65000000e+02 6.48315162e-02
1.66000000e+02 6.51826950e-02
1.67000000e+02 6.55799464e-02
1.68000000e+02 6.60232704e-02
1.69000000e+02 6.65126670e-02
1.70000000e+02 6.70481361e-02
1.71000000e+02 6.76296779e-02
1.72000000e+02 6.82572923e-02
1.73000000e+02 6.89309793e-02
1.74000000e+02 6.96402765e-02
1.75000000e+02 7.03747215e-02
1.76000000e+02 7.11343143e-02
1.77000000e+02 7.19190550e-02
1.78000000e+02 7.27289435e-02
1.79000000e+02 7.35639798e-02
1.80000000e+02 7.44241639e-02
1.81000000e+02 7.53094959e-02
1.82000000e+02 7.62199757e-02
1.83000000e+02 7.71556033e-02
1.84000000e+02 7.81163788e-02
1.85000000e+02 7.91023021e-02
1.86000000e+02 8.01133732e-02
1.87000000e+02 8.11495921e-02
1.88000000e+02 8.21586869e-02
1.89000000e+02 8.30883857e-02
1.90000000e+02 8.39386884e-02
1.91000000e+02 8.47095950e-02
1.92000000e+02 8.54011056e-02
1.93000000e+02 8.60132201e-02
1.94000000e+02 8.65459386e-02
1.95000000e+02 8.69992609e-02
1.96000000e+02 8.73731873e-02
1.97000000e+02 8.76677175e-02
1.98000000e+02 8.78828517e-02
1.99000000e+02 8.80185899e-02
2.00000000e+02 8.80749319e-02
2.01000000e+02 8.80518779e-02
2.02000000e+02 8.80221495e-02
2.03000000e+02 8.80584682e-02
2.04000000e+02 8.81608341e-02
2.05000000e+02 8.83292472e-02
2.06000000e+02 8.85637074e-02
2.07000000e+02 8.88642147e-02
2.08000000e+02 8.92307692e-02
2.09000000e+02 8.96633709e-02
2.10000000e+02 9.01620197e-02
2.11000000e+02 9.07267157e-02
2.12000000e+02 9.13574589e-02
2.13000000e+02 9.20542492e-02
2.14000000e+02 9.28170867e-02
2.15000000e+02 9.36459713e-02
2.16000000e+02 9.44978547e-02
2.17000000e+02 9.53296884e-02
2.18000000e+02 9.61414723e-02
2.19000000e+02 9.69332066e-02
2.20000000e+02 9.77048912e-02
2.21000000e+02 9.84565261e-02
2.22000000e+02 9.91881112e-02
2.23000000e+02 9.98996467e-02
2.24000000e+02 1.00591133e-01
2.25000000e+02 1.01262569e-01
2.26000000e+02 1.01913955e-01
2.27000000e+02 1.02545292e-01
2.28000000e+02 1.03156579e-01
2.29000000e+02 1.03747816e-01
2.30000000e+02 1.04324438e-01
2.31000000e+02 1.04891878e-01
2.32000000e+02 1.05450137e-01
2.33000000e+02 1.05999214e-01
2.34000000e+02 1.06539110e-01
2.35000000e+02 1.07069824e-01
2.36000000e+02 1.07591357e-01
2.37000000e+02 1.08103709e-01
2.38000000e+02 1.08606879e-01
2.39000000e+02 1.09100867e-01
2.40000000e+02 1.09585674e-01
2.41000000e+02 1.10061300e-01
2.42000000e+02 1.10527744e-01
2.43000000e+02 1.10985006e-01
2.44000000e+02 1.11453302e-01
2.45000000e+02 1.11952843e-01
2.46000000e+02 1.12483632e-01
2.47000000e+02 1.13045667e-01
2.48000000e+02 1.13638949e-01
2.49000000e+02 1.14263477e-01
2.50000000e+02 1.14919253e-01
2.51000000e+02 1.15606274e-01
2.52000000e+02 1.16324543e-01
2.53000000e+02 1.17074058e-01
2.54000000e+02 1.17854820e-01
2.55000000e+02 1.18666828e-01
2.56000000e+02 1.19510083e-01
2.57000000e+02 1.20384585e-01
2.58000000e+02 1.21267778e-01
2.59000000e+02 1.22137106e-01
2.60000000e+02 1.22992570e-01
2.61000000e+02 1.23834169e-01
2.62000000e+02 1.24661905e-01
2.63000000e+02 1.25475775e-01
2.64000000e+02 1.26275781e-01
2.65000000e+02 1.27061923e-01
2.66000000e+02 1.27834201e-01
2.67000000e+02 1.28592614e-01
2.68000000e+02 1.29337162e-01
2.69000000e+02 1.30067846e-01
2.70000000e+02 1.30784666e-01
2.71000000e+02 1.31487621e-01
2.72000000e+02 1.32172608e-01
2.73000000e+02 1.32835521e-01
2.74000000e+02 1.33476361e-01
2.75000000e+02 1.34095129e-01
2.76000000e+02 1.34691823e-01
2.77000000e+02 1.35266444e-01
2.78000000e+02 1.35818992e-01
2.79000000e+02 1.36349467e-01
2.80000000e+02 1.36857869e-01
2.81000000e+02 1.37344197e-01
2.82000000e+02 1.37808453e-01
2.83000000e+02 1.38250636e-01
2.84000000e+02 1.38670745e-01
2.85000000e+02 1.39068781e-01
2.86000000e+02 1.39449696e-01
2.87000000e+02 1.39818439e-01
2.88000000e+02 1.40175010e-01
2.89000000e+02 1.40519411e-01
2.90000000e+02 1.40851640e-01
2.91000000e+02 1.41171698e-01
2.92000000e+02 1.41479584e-01
2.93000000e+02 1.41775300e-01
2.94000000e+02 1.42058844e-01
2.95000000e+02 1.42330216e-01
2.96000000e+02 1.42589418e-01
2.97000000e+02 1.42836448e-01
2.98000000e+02 1.43071307e-01
2.99000000e+02 1.43293995e-01
3.00000000e+02 1.43504511e-01
3.01000000e+02 1.43702856e-01
3.02000000e+02 1.43889030e-01
3.03000000e+02 1.44063032e-01
3.04000000e+02 1.44224864e-01
3.05000000e+02 1.44374524e-01
3.06000000e+02 1.44512012e-01
3.07000000e+02 1.44637330e-01
3.08000000e+02 1.44750476e-01
3.09000000e+02 1.44851451e-01
3.10000000e+02 1.44940254e-01
3.11000000e+02 1.45019083e-01
3.12000000e+02 1.45101117e-01
3.13000000e+02 1.45188553e-01
3.14000000e+02 1.45281390e-01
3.15000000e+02 1.45379629e-01
3.16000000e+02 1.45483269e-01
3.17000000e+02 1.45592311e-01
3.18000000e+02 1.45706755e-01
3.19000000e+02 1.45826600e-01
3.20000000e+02 1.45951847e-01
3.21000000e+02 1.46082495e-01
3.22000000e+02 1.46218545e-01
3.23000000e+02 1.46359997e-01
3.24000000e+02 1.46506850e-01
3.25000000e+02 1.46659105e-01
3.26000000e+02 1.46816762e-01
3.27000000e+02 1.46979820e-01
3.28000000e+02 1.47148280e-01
3.29000000e+02 1.47322141e-01
3.30000000e+02 1.47501404e-01
3.31000000e+02 1.47686069e-01
3.32000000e+02 1.47876135e-01
3.33000000e+02 1.48071603e-01
3.34000000e+02 1.48272472e-01
3.35000000e+02 1.48478743e-01
3.36000000e+02 1.48690416e-01
3.37000000e+02 1.48907490e-01
3.38000000e+02 1.49129966e-01
3.39000000e+02 1.49357843e-01
3.40000000e+02 1.49591122e-01
3.41000000e+02 1.49829803e-01
3.42000000e+02 1.50073885e-01
3.43000000e+02 1.50323369e-01
3.44000000e+02 1.50578255e-01
3.45000000e+02 1.50838542e-01
3.46000000e+02 1.51104231e-01
3.47000000e+02 1.51375321e-01
3.48000000e+02 1.51649661e-01
3.49000000e+02 1.51925097e-01
3.50000000e+02 1.52201630e-01
3.51000000e+02 1.52479260e-01
3.52000000e+02 1.52757987e-01
3.53000000e+02 1.53037811e-01
3.54000000e+02 1.53318731e-01
3.55000000e+02 1.53600748e-01
3.56000000e+02 1.53883862e-01
3.57000000e+02 1.54168073e-01
3.58000000e+02 1.54453380e-01
3.59000000e+02 1.54739785e-01
3.60000000e+02 1.55027286e-01
3.61000000e+02 1.55315884e-01
3.62000000e+02 1.55605578e-01
3.63000000e+02 1.55896370e-01
3.64000000e+02 1.56188258e-01
3.65000000e+02 1.56481243e-01
3.66000000e+02 1.56775325e-01
3.67000000e+02 1.57070504e-01
3.68000000e+02 1.57366779e-01
3.69000000e+02 1.57664151e-01
3.70000000e+02 1.57962620e-01
3.71000000e+02 1.58262186e-01
3.72000000e+02 1.58562849e-01
3.73000000e+02 1.58864608e-01
3.74000000e+02 1.59167464e-01
3.75000000e+02 1.59471417e-01
3.76000000e+02 1.59776467e-01
3.77000000e+02 1.60082614e-01
3.78000000e+02 1.60389857e-01
3.79000000e+02 1.60698197e-01
3.80000000e+02 1.61007634e-01
3.81000000e+02 1.61318168e-01
3.82000000e+02 1.61629798e-01
3.83000000e+02 1.61942526e-01
3.84000000e+02 1.62251330e-01
3.85000000e+02 1.62551193e-01
3.86000000e+02 1.62842114e-01
3.87000000e+02 1.63124093e-01
3.88000000e+02 1.63397130e-01
3.89000000e+02 1.63661225e-01
3.90000000e+02 1.63916378e-01
3.91000000e+02 1.64162590e-01
3.92000000e+02 1.64399859e-01
3.93000000e+02 1.64628186e-01
3.94000000e+02 1.64847572e-01
3.95000000e+02 1.65058015e-01
3.96000000e+02 1.65259517e-01
3.97000000e+02 1.65452077e-01
3.98000000e+02 1.65635694e-01
3.99000000e+02 1.65810370e-01
4.00000000e+02 1.65976104e-01
4.01000000e+02 1.66132896e-01
4.02000000e+02 1.66280746e-01
4.03000000e+02 1.66419654e-01
4.04000000e+02 1.66549620e-01
4.05000000e+02 1.66670645e-01
4.06000000e+02 1.66782727e-01
4.07000000e+02 1.66885867e-01
4.08000000e+02 1.66980066e-01
4.09000000e+02 1.67065322e-01
4.10000000e+02 1.67141637e-01
4.11000000e+02 1.67209010e-01
4.12000000e+02 1.67267441e-01
4.13000000e+02 1.67316929e-01
4.14000000e+02 1.67357476e-01
4.15000000e+02 1.67389081e-01
4.16000000e+02 1.67411744e-01
4.17000000e+02 1.67425465e-01
4.18000000e+02 1.67430245e-01
4.19000000e+02 1.67426082e-01
4.20000000e+02 1.67422446e-01
4.21000000e+02 1.67428806e-01
4.22000000e+02 1.67445161e-01
4.23000000e+02 1.67471512e-01
4.24000000e+02 1.67507859e-01
4.25000000e+02 1.67554202e-01
4.26000000e+02 1.67610540e-01
4.27000000e+02 1.67676874e-01
4.28000000e+02 1.67753203e-01
4.29000000e+02 1.67839529e-01
4.30000000e+02 1.67935850e-01
4.31000000e+02 1.68042166e-01
4.32000000e+02 1.68158479e-01
4.33000000e+02 1.68284786e-01
4.34000000e+02 1.68421090e-01
4.35000000e+02 1.68567389e-01
4.36000000e+02 1.68723684e-01
4.37000000e+02 1.68889975e-01
4.38000000e+02 1.69066261e-01
4.39000000e+02 1.69252543e-01
4.40000000e+02 1.69448821e-01
4.41000000e+02 1.69655095e-01
4.42000000e+02 1.69871364e-01
4.43000000e+02 1.70097628e-01
4.44000000e+02 1.70333889e-01
4.45000000e+02 1.70580145e-01
4.46000000e+02 1.70836397e-01
4.47000000e+02 1.71102644e-01
4.48000000e+02 1.71378887e-01
4.49000000e+02 1.71665126e-01
4.50000000e+02 1.71961361e-01
4.51000000e+02 1.72267591e-01
4.52000000e+02 1.72583817e-01
4.53000000e+02 1.72910038e-01
4.54000000e+02 1.73246255e-01
4.55000000e+02 1.73592468e-01
4.56000000e+02 1.73940739e-01
4.57000000e+02 1.74283132e-01
4.58000000e+02 1.74619645e-01
4.59000000e+02 1.74950279e-01
4.60000000e+02 1.75275035e-01
4.61000000e+02 1.75593911e-01
4.62000000e+02 1.75906909e-01
4.63000000e+02 1.76214027e-01
4.64000000e+02 1.76515267e-01
4.65000000e+02 1.76810627e-01
4.66000000e+02 1.77100109e-01
4.67000000e+02 1.77383711e-01
4.68000000e+02 1.77661435e-01
4.69000000e+02 1.77933279e-01
4.70000000e+02 1.78199245e-01
4.71000000e+02 1.78459332e-01
4.72000000e+02 1.78713540e-01
4.73000000e+02 1.78961868e-01
4.74000000e+02 1.79204318e-01
4.75000000e+02 1.79440889e-01
4.76000000e+02 1.79671581e-01
4.77000000e+02 1.79896394e-01
4.78000000e+02 1.80115328e-01
4.79000000e+02 1.80328382e-01
4.80000000e+02 1.80535558e-01
4.81000000e+02 1.80736855e-01
4.82000000e+02 1.80932274e-01
4.83000000e+02 1.81121813e-01
4.84000000e+02 1.81305473e-01
4.85000000e+02 1.81483254e-01
4.86000000e+02 1.81655156e-01
4.87000000e+02 1.81821179e-01
4.88000000e+02 1.81981323e-01
4.89000000e+02 1.82135589e-01
4.90000000e+02 1.82283975e-01
4.91000000e+02 1.82426482e-01
4.92000000e+02 1.82566983e-01
4.93000000e+02 1.82709349e-01
4.94000000e+02 1.82853582e-01
4.95000000e+02 1.82999680e-01
4.96000000e+02 1.83147644e-01
4.97000000e+02 1.83297474e-01
4.98000000e+02 1.83449169e-01
4.99000000e+02 1.83602731e-01
5.00000000e+02 1.83758158e-01
5.01000000e+02 1.83915451e-01
5.02000000e+02 1.84074609e-01
5.03000000e+02 1.84235634e-01
5.04000000e+02 1.84398524e-01
5.05000000e+02 1.84563280e-01
5.06000000e+02 1.84729902e-01
5.07000000e+02 1.84898390e-01
5.08000000e+02 1.85068744e-01
5.09000000e+02 1.85240963e-01
5.10000000e+02 1.85415048e-01
5.11000000e+02 1.85590999e-01
5.12000000e+02 1.85768816e-01
5.13000000e+02 1.85948499e-01
5.14000000e+02 1.86130047e-01
5.15000000e+02 1.86313461e-01
5.16000000e+02 1.86498741e-01
5.17000000e+02 1.86685887e-01
5.18000000e+02 1.86874898e-01
5.19000000e+02 1.87065776e-01
5.20000000e+02 1.87258519e-01
5.21000000e+02 1.87453128e-01
5.22000000e+02 1.87649603e-01
5.23000000e+02 1.87847943e-01
5.24000000e+02 1.88048150e-01
5.25000000e+02 1.88250222e-01
5.26000000e+02 1.88454160e-01
5.27000000e+02 1.88659964e-01
5.28000000e+02 1.88867633e-01
5.29000000e+02 1.89077169e-01
5.30000000e+02 1.89288570e-01
5.31000000e+02 1.89501837e-01
5.32000000e+02 1.89716970e-01
5.33000000e+02 1.89933391e-01
5.34000000e+02 1.90147640e-01
5.35000000e+02 1.90359139e-01
5.36000000e+02 1.90567888e-01
5.37000000e+02 1.90773888e-01
5.38000000e+02 1.90977137e-01
5.39000000e+02 1.91177637e-01
5.40000000e+02 1.91375387e-01
5.41000000e+02 1.91570387e-01
5.42000000e+02 1.91762637e-01
5.43000000e+02 1.91952138e-01
5.44000000e+02 1.92138888e-01
5.45000000e+02 1.92322889e-01
5.46000000e+02 1.92504140e-01
5.47000000e+02 1.92682641e-01
5.48000000e+02 1.92858393e-01
5.49000000e+02 1.93031394e-01
5.50000000e+02 1.93201646e-01
5.51000000e+02 1.93369148e-01
5.52000000e+02 1.93533900e-01
5.53000000e+02 1.93695902e-01
5.54000000e+02 1.93855155e-01
5.55000000e+02 1.94011657e-01
5.56000000e+02 1.94165410e-01
5.57000000e+02 1.94316413e-01
5.58000000e+02 1.94464667e-01
5.59000000e+02 1.94610170e-01
5.60000000e+02 1.94752924e-01
5.61000000e+02 1.94892927e-01
5.62000000e+02 1.95030181e-01
5.63000000e+02 1.95164686e-01
5.64000000e+02 1.95296440e-01
5.65000000e+02 1.95425444e-01
5.66000000e+02 1.95551699e-01
5.67000000e+02 1.95675204e-01
5.68000000e+02 1.95795959e-01
5.69000000e+02 1.95913964e-01
5.70000000e+02 1.96029220e-01
5.71000000e+02 1.96141726e-01
5.72000000e+02 1.96251481e-01
5.73000000e+02 1.96358487e-01
5.74000000e+02 1.96462744e-01
5.75000000e+02 1.96564250e-01
5.76000000e+02 1.96664398e-01
5.77000000e+02 1.96771540e-01
5.78000000e+02 1.96887067e-01
5.79000000e+02 1.97010979e-01
5.80000000e+02 1.97143276e-01
5.81000000e+02 1.97283959e-01
5.82000000e+02 1.97433026e-01
5.83000000e+02 1.97590479e-01
5.84000000e+02 1.97756316e-01
5.85000000e+02 1.97930539e-01
5.86000000e+02 1.98113147e-01
5.87000000e+02 1.98304141e-01
5.88000000e+02 1.98503519e-01
5.89000000e+02 1.98711283e-01
5.90000000e+02 1.98927431e-01
5.91000000e+02 1.99151965e-01
5.92000000e+02 1.99384884e-01
5.93000000e+02 1.99626188e-01
5.94000000e+02 1.99875877e-01
5.95000000e+02 2.00133952e-01
5.96000000e+02 2.00400411e-01
5.97000000e+02 2.00675256e-01
5.98000000e+02 2.00958486e-01
5.99000000e+02 2.01250101e-01
6.00000000e+02 2.01550101e-01
6.01000000e+02 2.01858487e-01
6.02000000e+02 2.02175257e-01
6.03000000e+02 2.02500413e-01
6.04000000e+02 2.02833954e-01
6.05000000e+02 2.03175879e-01
6.06000000e+02 2.03526191e-01
6.07000000e+02 2.03884887e-01
6.08000000e+02 2.04251968e-01
6.09000000e+02 2.04627435e-01
6.10000000e+02 2.05011286e-01
6.11000000e+02 2.05403523e-01
6.12000000e+02 2.05804145e-01
6.13000000e+02 2.06213152e-01
6.14000000e+02 2.06622056e-01
6.15000000e+02 2.07022366e-01
6.16000000e+02 2.07414083e-01
6.17000000e+02 2.07797208e-01
6.18000000e+02 2.08171739e-01
6.19000000e+02 2.08537678e-01
6.20000000e+02 2.08895023e-01
6.21000000e+02 2.09243776e-01
6.22000000e+02 2.09583936e-01
6.23000000e+02 2.09915502e-01
6.24000000e+02 2.10238476e-01
6.25000000e+02 2.10552857e-01
6.26000000e+02 2.10858645e-01
6.27000000e+02 2.11155840e-01
6.28000000e+02 2.11444442e-01
6.29000000e+02 2.11724451e-01
6.30000000e+02 2.11995868e-01
6.31000000e+02 2.12258691e-01
6.32000000e+02 2.12512921e-01
6.33000000e+02 2.12758559e-01
6.34000000e+02 2.12995603e-01
6.35000000e+02 2.13224055e-01
6.36000000e+02 2.13443913e-01
6.37000000e+02 2.13655179e-01
6.38000000e+02 2.13857852e-01
6.39000000e+02 2.14051932e-01
6.40000000e+02 2.14237418e-01
6.41000000e+02 2.14414312e-01
6.42000000e+02 2.14582613e-01
6.43000000e+02 2.14742321e-01
6.44000000e+02 2.14893436e-01
6.45000000e+02 2.15035959e-01
6.46000000e+02 2.15169888e-01
6.47000000e+02 2.15295224e-01
6.48000000e+02 2.15411967e-01
6.49000000e+02 2.15520118e-01
6.50000000e+02 2.15619675e-01
6.51000000e+02 2.15717797e-01
6.52000000e+02 2.15821641e-01
6.53000000e+02 2.15931207e-01
6.54000000e+02 2.16046495e-01
6.55000000e+02 2.16167506e-01
6.56000000e+02 2.16294238e-01
6.57000000e+02 2.16426692e-01
6.58000000e+02 2.16564868e-01
6.59000000e+02 2.16708766e-01
6.60000000e+02 2.16858387e-01
6.61000000e+02 2.17013729e-01
6.62000000e+02 2.17174793e-01
6.63000000e+02 2.17341579e-01
6.64000000e+02 2.17514088e-01
6.65000000e+02 2.17692318e-01
6.66000000e+02 2.17876271e-01
6.67000000e+02 2.18065945e-01
6.68000000e+02 2.18261341e-01
6.69000000e+02 2.18462460e-01
6.70000000e+02 2.18669301e-01
6.71000000e+02 2.18881863e-01
6.72000000e+02 2.19100148e-01
6.73000000e+02 2.19324154e-01
6.74000000e+02 2.19553883e-01
6.75000000e+02 2.19789334e-01
6.76000000e+02 2.20030506e-01
6.77000000e+02 2.20277401e-01
6.78000000e+02 2.20530018e-01
6.79000000e+02 2.20788356e-01
6.80000000e+02 2.21052417e-01
6.81000000e+02 2.21322200e-01
6.82000000e+02 2.21597705e-01
6.83000000e+02 2.21878932e-01
6.84000000e+02 2.22165881e-01
6.85000000e+02 2.22458552e-01
6.86000000e+02 2.22756945e-01
6.87000000e+02 2.23061060e-01
6.88000000e+02 2.23365622e-01
6.89000000e+02 2.23665357e-01
6.90000000e+02 2.23960264e-01
6.91000000e+02 2.24250344e-01
6.92000000e+02 2.24535597e-01
6.93000000e+02 2.24816022e-01
6.94000000e+02 2.25091620e-01
6.95000000e+02 2.25362391e-01
6.96000000e+02 2.25628334e-01
6.97000000e+02 2.25889450e-01
6.98000000e+02 2.26145738e-01
6.99000000e+02 2.26397199e-01
7.00000000e+02 2.26643832e-01
7.01000000e+02 2.26885638e-01
7.02000000e+02 2.27122617e-01
7.03000000e+02 2.27354768e-01
7.04000000e+02 2.27582092e-01
7.05000000e+02 2.27804589e-01
7.06000000e+02 2.28022258e-01
7.07000000e+02 2.28235100e-01
7.08000000e+02 2.28443114e-01
7.09000000e+02 2.28646301e-01
7.10000000e+02 2.28844661e-01
7.11000000e+02 2.29038193e-01
7.12000000e+02 2.29226897e-01
7.13000000e+02 2.29410775e-01
7.14000000e+02 2.29589825e-01
7.15000000e+02 2.29764047e-01
7.16000000e+02 2.29933442e-01
7.17000000e+02 2.30098010e-01
7.18000000e+02 2.30257751e-01
7.19000000e+02 2.30412664e-01
7.20000000e+02 2.30562749e-01
7.21000000e+02 2.30708007e-01
7.22000000e+02 2.30848438e-01
7.23000000e+02 2.30984041e-01
7.24000000e+02 2.31119266e-01
7.25000000e+02 2.31258562e-01
7.26000000e+02 2.31401928e-01
7.27000000e+02 2.31549365e-01
7.28000000e+02 2.31700872e-01
7.29000000e+02 2.31856451e-01
7.30000000e+02 2.32016099e-01
7.31000000e+02 2.32179819e-01
7.32000000e+02 2.32347609e-01
7.33000000e+02 2.32519469e-01
7.34000000e+02 2.32695401e-01
7.35000000e+02 2.32875402e-01
7.36000000e+02 2.33059475e-01
7.37000000e+02 2.33247618e-01
7.38000000e+02 2.33439832e-01
7.39000000e+02 2.33636116e-01
7.40000000e+02 2.33836471e-01
7.41000000e+02 2.34040897e-01
7.42000000e+02 2.34249393e-01
7.43000000e+02 2.34461960e-01
7.44000000e+02 2.34678598e-01
7.45000000e+02 2.34899306e-01
7.46000000e+02 2.35124084e-01
7.47000000e+02 2.35352934e-01
7.48000000e+02 2.35585854e-01
7.49000000e+02 2.35822845e-01
7.50000000e+02 2.36063906e-01
7.51000000e+02 2.36309038e-01
7.52000000e+02 2.36558240e-01
7.53000000e+02 2.36811513e-01
7.54000000e+02 2.37068857e-01
7.55000000e+02 2.37330272e-01
7.56000000e+02 2.37595757e-01
7.57000000e+02 2.37865312e-01
7.58000000e+02 2.38138939e-01
7.59000000e+02 2.38416636e-01
7.60000000e+02 2.38696179e-01
7.61000000e+02 2.38975343e-01
7.62000000e+02 2.39254130e-01
7.63000000e+02 2.39532538e-01
7.64000000e+02 2.39810568e-01
7.65000000e+02 2.40088220e-01
7.66000000e+02 2.40365493e-01
7.67000000e+02 2.40642388e-01
7.68000000e+02 2.40918904e-01
7.69000000e+02 2.41195043e-01
7.70000000e+02 2.41470803e-01
7.71000000e+02 2.41746184e-01
7.72000000e+02 2.42021188e-01
7.73000000e+02 2.42295813e-01
7.74000000e+02 2.42570060e-01
7.75000000e+02 2.42843928e-01
7.76000000e+02 2.43117418e-01
7.77000000e+02 2.43390530e-01
7.78000000e+02 2.43663264e-01
7.79000000e+02 2.43935619e-01
7.80000000e+02 2.44207596e-01
7.81000000e+02 2.44479194e-01
7.82000000e+02 2.44750415e-01
7.83000000e+02 2.45021257e-01
7.84000000e+02 2.45291720e-01
7.85000000e+02 2.45561806e-01
7.86000000e+02 2.45831513e-01
7.87000000e+02 2.46100842e-01
7.88000000e+02 2.46369792e-01
7.89000000e+02 2.46638364e-01
7.90000000e+02 2.46906558e-01
7.91000000e+02 2.47174374e-01
7.92000000e+02 2.47441811e-01
7.93000000e+02 2.47708870e-01
7.94000000e+02 2.47975551e-01
7.95000000e+02 2.48241853e-01
7.96000000e+02 2.48506738e-01
7.97000000e+02 2.48769168e-01
7.98000000e+02 2.49029142e-01
7.99000000e+02 2.49286661e-01
8.00000000e+02 2.49541723e-01
8.01000000e+02 2.49794331e-01
8.02000000e+02 2.50044482e-01
8.03000000e+02 2.50292178e-01
8.04000000e+02 2.50537419e-01
8.05000000e+02 2.50780203e-01
8.06000000e+02 2.51020532e-01
8.07000000e+02 2.51258406e-01
8.08000000e+02 2.51493824e-01
8.09000000e+02 2.51726786e-01
8.10000000e+02 2.51957293e-01
8.11000000e+02 2.52185344e-01
8.12000000e+02 2.52410939e-01
8.13000000e+02 2.52634079e-01
8.14000000e+02 2.52854763e-01
8.15000000e+02 2.53072991e-01
8.16000000e+02 2.53288764e-01
8.17000000e+02 2.53502082e-01
8.18000000e+02 2.53712943e-01
8.19000000e+02 2.53921349e-01
8.20000000e+02 2.54127300e-01
8.21000000e+02 2.54330794e-01
8.22000000e+02 2.54531833e-01
8.23000000e+02 2.54730417e-01
8.24000000e+02 2.54926545e-01
8.25000000e+02 2.55120217e-01
8.26000000e+02 2.55311434e-01
8.27000000e+02 2.55500195e-01
8.28000000e+02 2.55686500e-01
8.29000000e+02 2.55870350e-01
8.30000000e+02 2.56051744e-01
8.31000000e+02 2.56230683e-01
8.32000000e+02 2.56406629e-01
8.33000000e+02 2.56579047e-01
8.34000000e+02 2.56747936e-01
8.35000000e+02 2.56913296e-01
8.36000000e+02 2.57075127e-01
8.37000000e+02 2.57233430e-01
8.38000000e+02 2.57388205e-01
8.39000000e+02 2.57539450e-01
8.40000000e+02 2.57687167e-01
8.41000000e+02 2.57831355e-01
8.42000000e+02 2.57972014e-01
8.43000000e+02 2.58109145e-01
8.44000000e+02 2.58242747e-01
8.45000000e+02 2.58372821e-01
8.46000000e+02 2.58499365e-01
8.47000000e+02 2.58622381e-01
8.48000000e+02 2.58741868e-01
8.49000000e+02 2.58857827e-01
8.50000000e+02 2.58970257e-01
8.51000000e+02 2.59079158e-01
8.52000000e+02 2.59184531e-01
8.53000000e+02 2.59286374e-01
8.54000000e+02 2.59384689e-01
8.55000000e+02 2.59479476e-01
8.56000000e+02 2.59570734e-01
8.57000000e+02 2.59658463e-01
8.58000000e+02 2.59742663e-01
8.59000000e+02 2.59823335e-01
8.60000000e+02 2.59900478e-01
8.61000000e+02 2.59974092e-01
8.62000000e+02 2.60044177e-01
8.63000000e+02 2.60110734e-01
8.64000000e+02 2.60173762e-01
8.65000000e+02 2.60233262e-01
8.66000000e+02 2.60289233e-01
8.67000000e+02 2.60341675e-01
8.68000000e+02 2.60396829e-01
8.69000000e+02 2.60460935e-01
8.70000000e+02 2.60533994e-01
8.71000000e+02 2.60616005e-01
8.72000000e+02 2.60706968e-01
8.73000000e+02 2.60806884e-01
8.74000000e+02 2.60915752e-01
8.75000000e+02 2.61033572e-01
8.76000000e+02 2.61160345e-01
8.77000000e+02 2.61296070e-01
8.78000000e+02 2.61440748e-01
8.79000000e+02 2.61594378e-01
8.80000000e+02 2.61756960e-01
8.81000000e+02 2.61928494e-01
8.82000000e+02 2.62108981e-01
8.83000000e+02 2.62298421e-01
8.84000000e+02 2.62496812e-01
8.85000000e+02 2.62704156e-01
8.86000000e+02 2.62920453e-01
8.87000000e+02 2.63145701e-01
8.88000000e+02 2.63379903e-01
8.89000000e+02 2.63623056e-01
8.90000000e+02 2.63875162e-01
8.91000000e+02 2.64136220e-01
8.92000000e+02 2.64406231e-01
8.93000000e+02 2.64685194e-01
8.94000000e+02 2.64973109e-01
8.95000000e+02 2.65269976e-01
8.96000000e+02 2.65575796e-01
8.97000000e+02 2.65890569e-01
8.98000000e+02 2.66214293e-01
8.99000000e+02 2.66546970e-01
9.00000000e+02 2.66888600e-01
9.01000000e+02 2.67239182e-01
9.02000000e+02 2.67598716e-01
9.03000000e+02 2.67967202e-01
9.04000000e+02 2.68336741e-01
9.05000000e+02 2.68699432e-01
9.06000000e+02 2.69055274e-01
9.07000000e+02 2.69404268e-01
9.08000000e+02 2.69746415e-01
9.09000000e+02 2.70081713e-01
9.10000000e+02 2.70410163e-01
9.11000000e+02 2.70731765e-01
9.12000000e+02 2.71046519e-01
9.13000000e+02 2.71354424e-01
9.14000000e+02 2.71655482e-01
9.15000000e+02 2.71949692e-01
9.16000000e+02 2.72237053e-01
9.17000000e+02 2.72517567e-01
9.18000000e+02 2.72791232e-01
9.19000000e+02 2.73058049e-01
9.20000000e+02 2.73318018e-01
9.21000000e+02 2.73571139e-01
9.22000000e+02 2.73817412e-01
9.23000000e+02 2.74056837e-01
9.24000000e+02 2.74289414e-01
9.25000000e+02 2.74515142e-01
9.26000000e+02 2.74734023e-01
9.27000000e+02 2.74946055e-01
9.28000000e+02 2.75151240e-01
9.29000000e+02 2.75349576e-01
9.30000000e+02 2.75541064e-01
9.31000000e+02 2.75725704e-01
9.32000000e+02 2.75903496e-01
9.33000000e+02 2.76074440e-01
9.34000000e+02 2.76238536e-01
9.35000000e+02 2.76395784e-01
9.36000000e+02 2.76546183e-01
9.37000000e+02 2.76689735e-01
9.38000000e+02 2.76826438e-01
9.39000000e+02 2.76956294e-01
9.40000000e+02 2.77083765e-01
9.41000000e+02 2.77213318e-01
9.42000000e+02 2.77344952e-01
9.43000000e+02 2.77478668e-01
9.44000000e+02 2.77614464e-01
9.45000000e+02 2.77752342e-01
9.46000000e+02 2.77892300e-01
9.47000000e+02 2.78034340e-01
9.48000000e+02 2.78178461e-01
9.49000000e+02 2.78324664e-01
9.50000000e+02 2.78472947e-01
9.51000000e+02 2.78623311e-01
9.52000000e+02 2.78775757e-01
9.53000000e+02 2.78930284e-01
9.54000000e+02 2.79086891e-01
9.55000000e+02 2.79245580e-01
9.56000000e+02 2.79406351e-01
9.57000000e+02 2.79569202e-01
9.58000000e+02 2.79734134e-01
9.59000000e+02 2.79901148e-01
9.60000000e+02 2.80070243e-01
9.61000000e+02 2.80241419e-01
9.62000000e+02 2.80414676e-01
9.63000000e+02 2.80590014e-01
9.64000000e+02 2.80767433e-01
9.65000000e+02 2.80946934e-01
9.66000000e+02 2.81128515e-01
9.67000000e+02 2.81312178e-01
9.68000000e+02 2.81497922e-01
9.69000000e+02 2.81685747e-01
9.70000000e+02 2.81875653e-01
9.71000000e+02 2.82067640e-01
9.72000000e+02 2.82261709e-01
9.73000000e+02 2.82457859e-01
9.74000000e+02 2.82656089e-01
9.75000000e+02 2.82856401e-01
9.76000000e+02 2.83059138e-01
9.77000000e+02 2.83266364e-01
9.78000000e+02 2.83478423e-01
9.79000000e+02 2.83695315e-01
9.80000000e+02 2.83917040e-01
9.81000000e+02 2.84143598e-01
9.82000000e+02 2.84374989e-01
9.83000000e+02 2.84611212e-01
9.84000000e+02 2.84852269e-01
9.85000000e+02 2.85098158e-01
9.86000000e+02 2.85348881e-01
9.87000000e+02 2.85604436e-01
9.88000000e+02 2.85864825e-01
9.89000000e+02 2.86130046e-01
9.90000000e+02 2.86400100e-01
9.91000000e+02 2.86674988e-01
9.92000000e+02 2.86954708e-01
9.93000000e+02 2.87239261e-01
9.94000000e+02 2.87528647e-01
9.95000000e+02 2.87822866e-01
9.96000000e+02 2.88121918e-01
9.97000000e+02 2.88425803e-01
9.98000000e+02 2.88734521e-01
9.99000000e+02 2.89048071e-01
1.00000000e+03 2.89366455e-01
1.00100000e+03 2.89689672e-01
1.00200000e+03 2.90017722e-01
1.00300000e+03 2.90350604e-01
1.00400000e+03 2.90688320e-01
1.00500000e+03 2.91030868e-01
1.00600000e+03 2.91378249e-01
1.00700000e+03 2.91730464e-01
1.00800000e+03 2.92087511e-01
1.00900000e+03 2.92449391e-01
1.01000000e+03 2.92816105e-01
1.01100000e+03 2.93187651e-01
1.01200000e+03 2.93564030e-01
1.01300000e+03 2.93937441e-01
1.01400000e+03 2.94300085e-01
1.01500000e+03 2.94651961e-01
1.01600000e+03 2.94993068e-01
1.01700000e+03 2.95323408e-01
1.01800000e+03 2.95642980e-01
1.01900000e+03 2.95951784e-01
1.02000000e+03 2.96249820e-01
1.02100000e+03 2.96537088e-01
1.02200000e+03 2.96813588e-01
1.02300000e+03 2.97079320e-01
1.02400000e+03 2.97334284e-01
1.02500000e+03 2.97578481e-01
1.02600000e+03 2.97811909e-01
1.02700000e+03 2.98034569e-01
1.02800000e+03 2.98246462e-01
1.02900000e+03 2.98447586e-01
1.03000000e+03 2.98637943e-01
1.03100000e+03 2.98817531e-01
1.03200000e+03 2.98986352e-01
1.03300000e+03 2.99144405e-01
1.03400000e+03 2.99291689e-01
1.03500000e+03 2.99428206e-01
1.03600000e+03 2.99553955e-01
1.03700000e+03 2.99668936e-01
1.03800000e+03 2.99773149e-01
1.03900000e+03 2.99866594e-01
1.04000000e+03 2.99949271e-01
1.04100000e+03 3.00021180e-01
1.04200000e+03 3.00082321e-01
1.04300000e+03 3.00132695e-01
1.04400000e+03 3.00172300e-01
1.04500000e+03 3.00201137e-01
1.04600000e+03 3.00219207e-01
1.04700000e+03 3.00226508e-01
1.04800000e+03 3.00223042e-01
1.04900000e+03 3.00218406e-01
1.05000000e+03 3.00222199e-01
1.05100000e+03 3.00234420e-01
1.05200000e+03 3.00255070e-01
1.05300000e+03 3.00284150e-01
1.05400000e+03 3.00321658e-01
1.05500000e+03 3.00367594e-01
1.05600000e+03 3.00421960e-01
1.05700000e+03 3.00484754e-01
1.05800000e+03 3.00555977e-01
1.05900000e+03 3.00635629e-01
1.06000000e+03 3.00723710e-01
1.06100000e+03 3.00820219e-01
1.06200000e+03 3.00925158e-01
1.06300000e+03 3.01038525e-01
1.06400000e+03 3.01160320e-01
1.06500000e+03 3.01290545e-01
1.06600000e+03 3.01429199e-01
1.06700000e+03 3.01576281e-01
1.06800000e+03 3.01731792e-01
1.06900000e+03 3.01895732e-01
1.07000000e+03 3.02068100e-01
1.07100000e+03 3.02248898e-01
1.07200000e+03 3.02438124e-01
1.07300000e+03 3.02635779e-01
1.07400000e+03 3.02841863e-01
1.07500000e+03 3.03056375e-01
1.07600000e+03 3.03279317e-01
1.07700000e+03 3.03510687e-01
1.07800000e+03 3.03750486e-01
1.07900000e+03 3.03998714e-01
1.08000000e+03 3.04255370e-01
1.08100000e+03 3.04520455e-01
1.08200000e+03 3.04793970e-01
1.08300000e+03 3.05075913e-01
1.08400000e+03 3.05366284e-01
1.08500000e+03 3.05659248e-01
1.08600000e+03 3.05948967e-01
1.08700000e+03 3.06235442e-01
1.08800000e+03 3.06518671e-01
1.08900000e+03 3.06798656e-01
1.09000000e+03 3.07075397e-01
1.09100000e+03 3.07348892e-01
1.09200000e+03 3.07619143e-01
1.09300000e+03 3.07886149e-01
1.09400000e+03 3.08149911e-01
1.09500000e+03 3.08410428e-01
1.09600000e+03 3.08667700e-01
1.09700000e+03 3.08921728e-01
1.09800000e+03 3.09172510e-01
1.09900000e+03 3.09420048e-01
1.10000000e+03 3.09664342e-01
1.10100000e+03 3.09905391e-01
1.10200000e+03 3.10143195e-01
1.10300000e+03 3.10377754e-01
1.10400000e+03 3.10609069e-01
1.10500000e+03 3.10837139e-01
1.10600000e+03 3.11061964e-01
1.10700000e+03 3.11283545e-01
1.10800000e+03 3.11501880e-01
1.10900000e+03 3.11716972e-01
1.11000000e+03 3.11928818e-01
1.11100000e+03 3.12137420e-01
1.11200000e+03 3.12342777e-01
1.11300000e+03 3.12544890e-01
1.11400000e+03 3.12743757e-01
1.11500000e+03 3.12939381e-01
1.11600000e+03 3.13131759e-01
1.11700000e+03 3.13320893e-01
1.11800000e+03 3.13506782e-01
1.11900000e+03 3.13689426e-01
1.12000000e+03 3.13868826e-01
1.12100000e+03 3.14046904e-01
1.12200000e+03 3.14225587e-01
1.12300000e+03 3.14404872e-01
1.12400000e+03 3.14584760e-01
1.12500000e+03 3.14765252e-01
1.12600000e+03 3.14946347e-01
1.12700000e+03 3.15128045e-01
1.12800000e+03 3.15310346e-01
1.12900000e+03 3.15493251e-01
1.13000000e+03 3.15676758e-01
1.13100000e+03 3.15860869e-01
1.13200000e+03 3.16045583e-01
1.13300000e+03 3.16230900e-01
1.13400000e+03 3.16416821e-01
1.13500000e+03 3.16603344e-01
1.13600000e+03 3.16790471e-01
1.13700000e+03 3.16978201e-01
1.13800000e+03 3.17166534e-01
1.13900000e+03 3.17355471e-01
1.14000000e+03 3.17545011e-01
1.14100000e+03 3.17735153e-01
1.14200000e+03 3.17925899e-01
1.14300000e+03 3.18117249e-01
1.14400000e+03 3.18309201e-01
1.14500000e+03 3.18501757e-01
1.14600000e+03 3.18694915e-01
1.14700000e+03 3.18888677e-01
1.14800000e+03 3.19083042e-01
1.14900000e+03 3.19278011e-01
1.15000000e+03 3.19473582e-01
1.15100000e+03 3.19669757e-01
1.15200000e+03 3.19866535e-01
1.15300000e+03 3.20063916e-01
1.15400000e+03 3.20261901e-01
1.15500000e+03 3.20460488e-01
1.15600000e+03 3.20659679e-01
1.15700000e+03 3.20862321e-01
1.15800000e+03 3.21071262e-01
1.15900000e+03 3.21286502e-01
1.16000000e+03 3.21508042e-01
1.16100000e+03 3.21735880e-01
1.16200000e+03 3.21970018e-01
1.16300000e+03 3.22210454e-01
1.16400000e+03 3.22457190e-01
1.16500000e+03 3.22710225e-01
1.16600000e+03 3.22969559e-01
1.16700000e+03 3.23235193e-01
1.16800000e+03 3.23507125e-01
1.16900000e+03 3.23785357e-01
1.17000000e+03 3.24069887e-01
1.17100000e+03 3.24360717e-01
1.17200000e+03 3.24657846e-01
1.17300000e+03 3.24961274e-01
1.17400000e+03 3.25271002e-01
1.17500000e+03 3.25587028e-01
1.17600000e+03 3.25909354e-01
1.17700000e+03 3.26237978e-01
1.17800000e+03 3.26572902e-01
1.17900000e+03 3.26914125e-01
1.18000000e+03 3.27261647e-01
1.18100000e+03 3.27615469e-01
1.18200000e+03 3.27975589e-01
1.18300000e+03 3.28342008e-01
1.18400000e+03 3.28714727e-01
1.18500000e+03 3.29093745e-01
1.18600000e+03 3.29479062e-01
1.18700000e+03 3.29870678e-01
1.18800000e+03 3.30268593e-01
1.18900000e+03 3.30672807e-01
1.19000000e+03 3.31083321e-01
1.19100000e+03 3.31500134e-01
1.19200000e+03 3.31923245e-01
1.19300000e+03 3.32343247e-01
1.19400000e+03 3.32750728e-01
1.19500000e+03 3.33145690e-01
1.19600000e+03 3.33528132e-01
1.19700000e+03 3.33898054e-01
1.19800000e+03 3.34255456e-01
1.19900000e+03 3.34600338e-01
1.20000000e+03 3.34932701e-01
1.20100000e+03 3.35252543e-01
1.20200000e+03 3.35559866e-01
1.20300000e+03 3.35854669e-01
1.20400000e+03 3.36136952e-01
1.20500000e+03 3.36406715e-01
1.20600000e+03 3.36663958e-01
1.20700000e+03 3.36908682e-01
1.20800000e+03 3.37140885e-01
1.20900000e+03 3.37360569e-01
1.21000000e+03 3.37567733e-01
1.21100000e+03 3.37762377e-01
1.21200000e+03 3.37944501e-01
1.21300000e+03 3.38114106e-01
1.21400000e+03 3.38271190e-01
1.21500000e+03 3.38415755e-01
1.21600000e+03 3.38547799e-01
1.21700000e+03 3.38667324e-01
1.21800000e+03 3.38774329e-01
1.21900000e+03 3.38868815e-01
1.22000000e+03 3.38950780e-01
1.22100000e+03 3.39020226e-01
1.22200000e+03 3.39077151e-01
1.22300000e+03 3.39121557e-01
1.22400000e+03 3.39153443e-01
1.22500000e+03 3.39172809e-01
1.22600000e+03 3.39179655e-01
1.22700000e+03 3.39173982e-01
1.22800000e+03 3.39155788e-01
1.22900000e+03 3.39137340e-01
1.23000000e+03 3.39130902e-01
1.23100000e+03 3.39136475e-01
1.23200000e+03 3.39154058e-01
1.23300000e+03 3.39183652e-01
1.23400000e+03 3.39225256e-01
1.23500000e+03 3.39278871e-01
1.23600000e+03 3.39344496e-01
1.23700000e+03 3.39422132e-01
1.23800000e+03 3.39511778e-01
1.23900000e+03 3.39613435e-01
1.24000000e+03 3.39727102e-01
1.24100000e+03 3.39852780e-01
1.24200000e+03 3.39990468e-01
1.24300000e+03 3.40140166e-01
1.24400000e+03 3.40301875e-01
1.24500000e+03 3.40475595e-01
1.24600000e+03 3.40661325e-01
1.24700000e+03 3.40859065e-01
1.24800000e+03 3.41068816e-01
1.24900000e+03 3.41290578e-01
1.25000000e+03 3.41524350e-01
1.25100000e+03 3.41770132e-01
1.25200000e+03 3.42027925e-01
1.25300000e+03 3.42297728e-01
1.25400000e+03 3.42579542e-01
1.25500000e+03 3.42873366e-01
1.25600000e+03 3.43179201e-01
1.25700000e+03 3.43497046e-01
1.25800000e+03 3.43826902e-01
1.25900000e+03 3.44168768e-01
1.26000000e+03 3.44522645e-01
1.26100000e+03 3.44888532e-01
1.26200000e+03 3.45266430e-01
1.26300000e+03 3.45656338e-01
1.26400000e+03 3.46058257e-01
1.26500000e+03 3.46465201e-01
1.26600000e+03 3.46870185e-01
1.26700000e+03 3.47273210e-01
1.26800000e+03 3.47674275e-01
1.26900000e+03 3.48073381e-01
1.27000000e+03 3.48470527e-01
1.27100000e+03 3.48865713e-01
1.27200000e+03 3.49258940e-01
1.27300000e+03 3.49650207e-01
1.27400000e+03 3.50039514e-01
1.27500000e+03 3.50426862e-01
1.27600000e+03 3.50812250e-01
1.27700000e+03 3.51195679e-01
1.27800000e+03 3.51577148e-01
1.27900000e+03 3.51956657e-01
1.28000000e+03 3.52334207e-01
1.28100000e+03 3.52709797e-01
1.28200000e+03 3.53083427e-01
1.28300000e+03 3.53455098e-01
1.28400000e+03 3.53824810e-01
1.28500000e+03 3.54192561e-01
1.28600000e+03 3.54558353e-01
1.28700000e+03 3.54922186e-01
1.28800000e+03 3.55284058e-01
1.28900000e+03 3.55643971e-01
1.29000000e+03 3.56001925e-01
1.29100000e+03 3.56357919e-01
1.29200000e+03 3.56711953e-01
1.29300000e+03 3.57064028e-01
1.29400000e+03 3.57414143e-01
1.29500000e+03 3.57762298e-01
1.29600000e+03 3.58108494e-01
1.29700000e+03 3.58452730e-01
1.29800000e+03 3.58795007e-01
1.29900000e+03 3.59135323e-01
1.30000000e+03 3.59473681e-01
1.30100000e+03 3.59809111e-01
1.30200000e+03 3.60135810e-01
1.30300000e+03 3.60452811e-01
1.30400000e+03 3.60760114e-01
1.30500000e+03 3.61057718e-01
1.30600000e+03 3.61345624e-01
1.30700000e+03 3.61623832e-01
1.30800000e+03 3.61892341e-01
1.30900000e+03 3.62151152e-01
1.31000000e+03 3.62400264e-01
1.31100000e+03 3.62639679e-01
1.31200000e+03 3.62869395e-01
1.31300000e+03 3.63089412e-01
1.31400000e+03 3.63299731e-01
1.31500000e+03 3.63500352e-01
1.31600000e+03 3.63691275e-01
1.31700000e+03 3.63872499e-01
1.31800000e+03 3.64044024e-01
1.31900000e+03 3.64205852e-01
1.32000000e+03 3.64357981e-01
1.32100000e+03 3.64500412e-01
1.32200000e+03 3.64633144e-01
1.32300000e+03 3.64756178e-01
1.32400000e+03 3.64869514e-01
1.32500000e+03 3.64973151e-01
1.32600000e+03 3.65067090e-01
1.32700000e+03 3.65151331e-01
1.32800000e+03 3.65225873e-01
1.32900000e+03 3.65290717e-01
1.33000000e+03 3.65345863e-01
1.33100000e+03 3.65391310e-01
1.33200000e+03 3.65427059e-01
1.33300000e+03 3.65453110e-01
1.33400000e+03 3.65469462e-01
1.33500000e+03 3.65476116e-01
1.33600000e+03 3.65473072e-01
1.33700000e+03 3.65460329e-01
1.33800000e+03 3.65443984e-01
1.33900000e+03 3.65430135e-01
1.34000000e+03 3.65418780e-01
1.34100000e+03 3.65409920e-01
1.34200000e+03 3.65403555e-01
1.34300000e+03 3.65399685e-01
1.34400000e+03 3.65398309e-01
1.34500000e+03 3.65399429e-01
1.34600000e+03 3.65403043e-01
1.34700000e+03 3.65409152e-01
1.34800000e+03 3.65417757e-01
1.34900000e+03 3.65428855e-01
1.35000000e+03 3.65442449e-01
1.35100000e+03 3.65458538e-01
1.35200000e+03 3.65477122e-01
1.35300000e+03 3.65498200e-01
1.35400000e+03 3.65521773e-01
1.35500000e+03 3.65547841e-01
1.35600000e+03 3.65576404e-01
1.35700000e+03 3.65607462e-01
1.35800000e+03 3.65641015e-01
1.35900000e+03 3.65677062e-01
1.36000000e+03 3.65715605e-01
1.36100000e+03 3.65756642e-01
1.36200000e+03 3.65800174e-01
1.36300000e+03 3.65846201e-01
1.36400000e+03 3.65894723e-01
1.36500000e+03 3.65945740e-01
1.36600000e+03 3.65999252e-01
1.36700000e+03 3.66055258e-01
1.36800000e+03 3.66113759e-01
1.36900000e+03 3.66174756e-01
1.37000000e+03 3.66238247e-01
1.37100000e+03 3.66304233e-01
1.37200000e+03 3.66372713e-01
1.37300000e+03 3.66443689e-01
1.37400000e+03 3.66522104e-01
1.37500000e+03 3.66612902e-01
1.37600000e+03 3.66716084e-01
1.37700000e+03 3.66831649e-01
1.37800000e+03 3.66959598e-01
1.37900000e+03 3.67099930e-01
1.38000000e+03 3.67252646e-01
1.38100000e+03 3.67417745e-01
1.38200000e+03 3.67595228e-01
1.38300000e+03 3.67785094e-01
1.38400000e+03 3.67987343e-01
1.38500000e+03 3.68201976e-01
1.38600000e+03 3.68428993e-01
1.38700000e+03 3.68668393e-01
1.38800000e+03 3.68920176e-01
1.38900000e+03 3.69184343e-01
1.39000000e+03 3.69460894e-01
1.39100000e+03 3.69749828e-01
1.39200000e+03 3.70051145e-01
1.39300000e+03 3.70364846e-01
1.39400000e+03 3.70690931e-01
1.39500000e+03 3.71029399e-01
1.39600000e+03 3.71380250e-01
1.39700000e+03 3.71743485e-01
1.39800000e+03 3.72119103e-01
1.39900000e+03 3.72507105e-01
1.40000000e+03 3.72907490e-01
1.40100000e+03 3.73320259e-01
1.40200000e+03 3.73745411e-01
1.40300000e+03 3.74182947e-01
1.40400000e+03 3.74632866e-01
1.40500000e+03 3.75095169e-01
1.40600000e+03 3.75569855e-01
1.40700000e+03 3.76056924e-01
1.40800000e+03 3.76556377e-01
1.40900000e+03 3.77068214e-01
1.41000000e+03 3.77579650e-01
1.41100000e+03 3.78077903e-01
1.41200000e+03 3.78562971e-01
1.41300000e+03 3.79034855e-01
1.41400000e+03 3.79493555e-01
1.41500000e+03 3.79939071e-01
1.41600000e+03 3.80371403e-01
1.41700000e+03 3.80790550e-01
1.41800000e+03 3.81196514e-01
1.41900000e+03 3.81589294e-01
1.42000000e+03 3.81968889e-01
1.42100000e+03 3.82335301e-01
1.42200000e+03 3.82688528e-01
1.42300000e+03 3.83028571e-01
1.42400000e+03 3.83355431e-01
1.42500000e+03 3.83669106e-01
1.42600000e+03 3.83969597e-01
1.42700000e+03 3.84256904e-01
1.42800000e+03 3.84531027e-01
1.42900000e+03 3.84791966e-01
1.43000000e+03 3.85039721e-01
1.43100000e+03 3.85274292e-01
1.43200000e+03 3.85495678e-01
1.43300000e+03 3.85703881e-01
1.43400000e+03 3.85898899e-01
1.43500000e+03 3.86080734e-01
1.43600000e+03 3.86249384e-01
1.43700000e+03 3.86404851e-01
1.43800000e+03 3.86547133e-01
1.43900000e+03 3.86676231e-01
1.44000000e+03 3.86792145e-01
1.44100000e+03 3.86894875e-01
1.44200000e+03 3.86984421e-01
1.44300000e+03 3.87060783e-01
1.44400000e+03 3.87123961e-01
1.44500000e+03 3.87173955e-01
1.44600000e+03 3.87218971e-01
1.44700000e+03 3.87267217e-01
1.44800000e+03 3.87318693e-01
1.44900000e+03 3.87373398e-01
1.45000000e+03 3.87431333e-01
1.45100000e+03 3.87492497e-01
1.45200000e+03 3.87556891e-01
1.45300000e+03 3.87624515e-01
1.45400000e+03 3.87695368e-01
1.45500000e+03 3.87769450e-01
1.45600000e+03 3.87846763e-01
1.45700000e+03 3.87927305e-01
1.45800000e+03 3.88011076e-01
1.45900000e+03 3.88098077e-01
1.46000000e+03 3.88188308e-01
1.46100000e+03 3.88281768e-01
1.46200000e+03 3.88378457e-01
1.46300000e+03 3.88478377e-01
1.46400000e+03 3.88581526e-01
1.46500000e+03 3.88687904e-01
1.46600000e+03 3.88797512e-01
1.46700000e+03 3.88910350e-01
1.46800000e+03 3.89026417e-01
1.46900000e+03 3.89145714e-01
1.47000000e+03 3.89268240e-01
1.47100000e+03 3.89393996e-01
1.47200000e+03 3.89522982e-01
1.47300000e+03 3.89655197e-01
1.47400000e+03 3.89790641e-01
1.47500000e+03 3.89929316e-01
1.47600000e+03 3.90071220e-01
1.47700000e+03 3.90216353e-01
1.47800000e+03 3.90364716e-01
1.47900000e+03 3.90516308e-01
1.48000000e+03 3.90671131e-01
1.48100000e+03 3.90829182e-01
1.48200000e+03 3.90991964e-01
1.48300000e+03 3.91160976e-01
1.48400000e+03 3.91336218e-01
1.48500000e+03 3.91517691e-01
1.48600000e+03 3.91705394e-01
1.48700000e+03 3.91899327e-01
1.48800000e+03 3.92099491e-01
1.48900000e+03 3.92305884e-01
1.49000000e+03 3.92518509e-01
1.49100000e+03 3.92737363e-01
1.49200000e+03 3.92962448e-01
1.49300000e+03 3.93193763e-01
1.49400000e+03 3.93431308e-01
1.49500000e+03 3.93675084e-01
1.49600000e+03 3.93925090e-01
1.49700000e+03 3.94181327e-01
1.49800000e+03 3.94443793e-01
1.49900000e+03 3.94712490e-01
1.50000000e+03 3.94987418e-01
1.50100000e+03 3.95268575e-01
1.50200000e+03 3.95555963e-01
1.50300000e+03 3.95849581e-01
1.50400000e+03 3.96149430e-01
1.50500000e+03 3.96455509e-01
1.50600000e+03 3.96767818e-01
1.50700000e+03 3.97086358e-01
1.50800000e+03 3.97411127e-01
1.50900000e+03 3.97742128e-01
1.51000000e+03 3.98079358e-01
1.51100000e+03 3.98422819e-01
1.51200000e+03 3.98772510e-01
1.51300000e+03 3.99128431e-01
1.51400000e+03 3.99490583e-01
1.51500000e+03 3.99858965e-01
1.51600000e+03 4.00233577e-01
1.51700000e+03 4.00614420e-01
1.51800000e+03 4.00993782e-01
1.51900000e+03 4.01363952e-01
1.52000000e+03 4.01724929e-01
1.52100000e+03 4.02076715e-01
1.52200000e+03 4.02419308e-01
1.52300000e+03 4.02752709e-01
1.52400000e+03 4.03076919e-01
1.52500000e+03 4.03391936e-01
1.52600000e+03 4.03697761e-01
1.52700000e+03 4.03994394e-01
1.52800000e+03 4.04281835e-01
1.52900000e+03 4.04560083e-01
1.53000000e+03 4.04829140e-01
1.53100000e+03 4.05089005e-01
1.53200000e+03 4.05339677e-01
1.53300000e+03 4.05581158e-01
1.53400000e+03 4.05813446e-01
1.53500000e+03 4.06036542e-01
1.53600000e+03 4.06250446e-01
1.53700000e+03 4.06455159e-01
1.53800000e+03 4.06650679e-01
1.53900000e+03 4.06837006e-01
1.54000000e+03 4.07014142e-01
1.54100000e+03 4.07182086e-01
1.54200000e+03 4.07340838e-01
1.54300000e+03 4.07490397e-01
1.54400000e+03 4.07630765e-01
1.54500000e+03 4.07761940e-01
1.54600000e+03 4.07883923e-01
1.54700000e+03 4.07996714e-01
1.54800000e+03 4.08100313e-01
1.54900000e+03 4.08194720e-01
1.55000000e+03 4.08279935e-01
1.55100000e+03 4.08355958e-01
1.55200000e+03 4.08422789e-01
1.55300000e+03 4.08480428e-01
1.55400000e+03 4.08528874e-01
1.55500000e+03 4.08568129e-01
1.55600000e+03 4.08598191e-01
1.55700000e+03 4.08628962e-01
1.55800000e+03 4.08670344e-01
1.55900000e+03 4.08722336e-01
1.56000000e+03 4.08784939e-01
1.56100000e+03 4.08858151e-01
1.56200000e+03 4.08941974e-01
1.56300000e+03 4.09036407e-01
1.56400000e+03 4.09141451e-01
1.56500000e+03 4.09257105e-01
1.56600000e+03 4.09383369e-01
1.56700000e+03 4.09520243e-01
1.56800000e+03 4.09667728e-01
1.56900000e+03 4.09825823e-01
1.57000000e+03 4.09994528e-01
1.57100000e+03 4.10173844e-01
1.57200000e+03 4.10363770e-01
1.57300000e+03 4.10564306e-01
1.57400000e+03 4.10775452e-01
1.57500000e+03 4.10997209e-01
1.57600000e+03 4.11229576e-01
1.57700000e+03 4.11472553e-01
1.57800000e+03 4.11726141e-01
1.57900000e+03 4.11990339e-01
1.58000000e+03 4.12265147e-01
1.58100000e+03 4.12550565e-01
1.58200000e+03 4.12846594e-01
1.58300000e+03 4.13153233e-01
1.58400000e+03 4.13470483e-01
1.58500000e+03 4.13798342e-01
1.58600000e+03 4.14136812e-01
1.58700000e+03 4.14485892e-01
1.58800000e+03 4.14845583e-01
1.58900000e+03 4.15215884e-01
1.59000000e+03 4.15596795e-01
1.59100000e+03 4.15988316e-01
1.59200000e+03 4.16390448e-01
1.59300000e+03 4.16803190e-01
1.59400000e+03 4.17226542e-01
1.59500000e+03 4.17660505e-01
1.59600000e+03 4.18094430e-01
1.59700000e+03 4.18517671e-01
1.59800000e+03 4.18930228e-01
1.59900000e+03 4.19332100e-01
1.60000000e+03 4.19723288e-01
1.60100000e+03 4.20103791e-01
1.60200000e+03 4.20473610e-01
1.60300000e+03 4.20832744e-01
1.60400000e+03 4.21181194e-01
1.60500000e+03 4.21518959e-01
1.60600000e+03 4.21846040e-01
1.60700000e+03 4.22162437e-01
1.60800000e+03 4.22468149e-01
1.60900000e+03 4.22763176e-01
1.61000000e+03 4.23047520e-01
1.61100000e+03 4.23321178e-01
1.61200000e+03 4.23584153e-01
1.61300000e+03 4.23836442e-01
1.61400000e+03 4.24078048e-01
1.61500000e+03 4.24308969e-01
1.61600000e+03 4.24529205e-01
1.61700000e+03 4.24738757e-01
1.61800000e+03 4.24937625e-01
1.61900000e+03 4.25125808e-01
1.62000000e+03 4.25303306e-01
1.62100000e+03 4.25470121e-01
1.62200000e+03 4.25626250e-01
1.62300000e+03 4.25771696e-01
1.62400000e+03 4.25906456e-01
1.62500000e+03 4.26030533e-01
1.62600000e+03 4.26143925e-01
1.62700000e+03 4.26246632e-01
1.62800000e+03 4.26338655e-01
1.62900000e+03 4.26419994e-01
1.63000000e+03 4.26490648e-01
1.63100000e+03 4.26550618e-01
1.63200000e+03 4.26606824e-01
1.63300000e+03 4.26666188e-01
1.63400000e+03 4.26728710e-01
1.63500000e+03 4.26794390e-01
1.63600000e+03 4.26863228e-01
1.63700000e+03 4.26935223e-01
1.63800000e+03 4.27010376e-01
1.63900000e+03 4.27088687e-01
1.64000000e+03 4.27170156e-01
1.64100000e+03 4.27254782e-01
1.64200000e+03 4.27342567e-01
1.64300000e+03 4.27433509e-01
1.64400000e+03 4.27527609e-01
1.64500000e+03 4.27624866e-01
1.64600000e+03 4.27725282e-01
1.64700000e+03 4.27828855e-01
1.64800000e+03 4.27935586e-01
1.64900000e+03 4.28045475e-01
1.65000000e+03 4.28158522e-01
1.65100000e+03 4.28274727e-01
1.65200000e+03 4.28394089e-01
1.65300000e+03 4.28516609e-01
1.65400000e+03 4.28642287e-01
1.65500000e+03 4.28771123e-01
1.65600000e+03 4.28903116e-01
1.65700000e+03 4.29038267e-01
1.65800000e+03 4.29176577e-01
1.65900000e+03 4.29318043e-01
1.66000000e+03 4.29462668e-01
1.66100000e+03 4.29610451e-01
1.66200000e+03 4.29761391e-01
1.66300000e+03 4.29915489e-01
1.66400000e+03 4.30072745e-01
1.66500000e+03 4.30233159e-01
1.66600000e+03 4.30396730e-01
1.66700000e+03 4.30563459e-01
1.66800000e+03 4.30733712e-01
1.66900000e+03 4.30907854e-01
1.67000000e+03 4.31085885e-01
1.67100000e+03 4.31267805e-01
1.67200000e+03 4.31453614e-01
1.67300000e+03 4.31643312e-01
1.67400000e+03 4.31836900e-01
1.67500000e+03 4.32034376e-01
1.67600000e+03 4.32235742e-01
1.67700000e+03 4.32440996e-01
1.67800000e+03 4.32650140e-01
1.67900000e+03 4.32863173e-01
1.68000000e+03 4.33080095e-01
1.68100000e+03 4.33300906e-01
1.68200000e+03 4.33525606e-01
1.68300000e+03 4.33754196e-01
1.68400000e+03 4.33986674e-01
1.68500000e+03 4.34223041e-01
1.68600000e+03 4.34463298e-01
1.68700000e+03 4.34707444e-01
1.68800000e+03 4.34955479e-01
1.68900000e+03 4.35207403e-01
1.69000000e+03 4.35463216e-01
1.69100000e+03 4.35722918e-01
1.69200000e+03 4.35986509e-01
1.69300000e+03 4.36253989e-01
1.69400000e+03 4.36525359e-01
1.69500000e+03 4.36800617e-01
1.69600000e+03 4.37079765e-01
1.69700000e+03 4.37362802e-01
1.69800000e+03 4.37649728e-01
1.69900000e+03 4.37940543e-01
1.70000000e+03 4.38235247e-01
1.70100000e+03 4.38533840e-01
1.70200000e+03 4.38836322e-01
1.70300000e+03 4.39142694e-01
1.70400000e+03 4.39447271e-01
1.70500000e+03 4.39744369e-01
1.70600000e+03 4.40033990e-01
1.70700000e+03 4.40316133e-01
1.70800000e+03 4.40590797e-01
1.70900000e+03 4.40857983e-01
1.71000000e+03 4.41117691e-01
1.71100000e+03 4.41369921e-01
1.71200000e+03 4.41614673e-01
1.71300000e+03 4.41851947e-01
1.71400000e+03 4.42081743e-01
1.71500000e+03 4.42304060e-01
1.71600000e+03 4.42518899e-01
1.71700000e+03 4.42726261e-01
1.71800000e+03 4.42926144e-01
1.71900000e+03 4.43118549e-01
1.72000000e+03 4.43303476e-01
1.72100000e+03 4.43480924e-01
1.72200000e+03 4.43650895e-01
1.72300000e+03 4.43813387e-01
1.72400000e+03 4.43968402e-01
1.72500000e+03 4.44115938e-01
1.72600000e+03 4.44255996e-01
1.72700000e+03 4.44388576e-01
1.72800000e+03 4.44513678e-01
1.72900000e+03 4.44631302e-01
1.73000000e+03 4.44741447e-01
1.73100000e+03 4.44844115e-01
1.73200000e+03 4.44939304e-01
1.73300000e+03 4.45027015e-01
1.73400000e+03 4.45107248e-01
1.73500000e+03 4.45180003e-01
1.73600000e+03 4.45245280e-01
1.73700000e+03 4.45303079e-01
1.73800000e+03 4.45353400e-01
1.73900000e+03 4.45396242e-01
1.74000000e+03 4.45431606e-01
1.74100000e+03 4.45459493e-01
1.74200000e+03 4.45479901e-01
1.74300000e+03 4.45492831e-01
1.74400000e+03 4.45498282e-01
1.74500000e+03 4.45496256e-01
1.74600000e+03 4.45486752e-01
1.74700000e+03 4.45469769e-01
1.74800000e+03 4.45445308e-01
1.74900000e+03 4.45413370e-01
1.75000000e+03 4.45373953e-01
1.75100000e+03 4.45327058e-01
1.75200000e+03 4.45272684e-01
1.75300000e+03 4.45210833e-01
1.75400000e+03 4.45141504e-01
1.75500000e+03 4.45064696e-01
1.75600000e+03 4.44980410e-01
1.75700000e+03 4.44888647e-01
1.75800000e+03 4.44789405e-01
1.75900000e+03 4.44682685e-01
1.76000000e+03 4.44568486e-01
1.76100000e+03 4.44446810e-01
1.76200000e+03 4.44317656e-01
